1665410520530 2.2054505348205566 0
1665410520941 0.7973066568374634 1
1665410521372 0.7994310259819031 2
1665410521822 0.8028769493103027 3
1665410522223 0.8007270693778992 4
1665410522598 0.7992146611213684 5
1665410522815 0.799275279045105 6
1665410523035 0.7990826368331909 7
1665410523248 0.7995505332946777 8
1665410523466 0.8025109767913818 9
1665410523820 0.796657919883728 10
1665410524031 0.7992223501205444 11
1665410524384 0.8021587133407593 12
1665410524595 0.7978919744491577 13
1665410524809 0.7972798347473145 14
1665410525019 0.7975475192070007 15
1665410525232 0.8004445433616638 16
1665410525445 0.7957717776298523 17
1665410525660 0.7995728850364685 18
1665410525872 0.8012476563453674 19
1665410526084 0.8031488060951233 20
1665410526298 0.799920916557312 21
1665410526511 0.8003378510475159 22
1665410526724 0.7980629801750183 23
1665410526938 0.7987847924232483 24
1665410527148 0.8036988973617554 25
1665410527361 0.7981426119804382 26
1665410527572 0.7975783348083496 27
1665410527785 0.799877941608429 28
1665410527997 0.7964028716087341 29
1665410528210 0.7991546392440796 30
1665410528424 0.8002625703811646 31
1665410528635 0.800898551940918 32
1665410528986 0.7990590333938599 33
1665410529200 0.8013418912887573 34
1665410529412 0.8005516529083252 35
1665410529623 0.7980151176452637 36
1665410529835 0.7982472777366638 37
1665410530070 0.8008900880813599 38
1665410530319 0.7982630133628845 39
1665410530529 0.7985479235649109 40
1665410530741 0.8039407134056091 41
1665410531105 0.7994468808174133 42
1665410531318 0.7983119487762451 43
1665410531529 0.7997706532478333 44
1665410531743 0.7959988713264465 45
1665410531953 0.7986640334129333 46
1665410532167 0.7991983890533447 47
1665410532379 0.8038719296455383 48
1665410532590 0.800820529460907 49
1665410532807 0.7976747155189514 50
1665410533028 0.8013598918914795 51
1665410533241 0.7974114418029785 52
1665410533452 0.7995303869247437 53
1665410533690 0.7993565797805786 54
1665410533912 0.7997186183929443 55
1665410534132 0.8016655445098877 56
1665410534349 0.7978866696357727 57
1665410534562 0.79655921459198 58
1665410534781 0.7977926135063171 59
1665410534994 0.8025115728378296 60
1665410535215 0.7972970008850098 61
1665410535435 0.7983672618865967 62
1665410535653 0.8009000420570374 63
1665410535867 0.7968949675559998 64
1665410536089 0.8000079393386841 65
1665410536304 0.798166811466217 66
1665410536520 0.7991466522216797 67
1665410536732 0.7980560660362244 68
1665410536948 0.7994431853294373 69
1665410537171 0.8006067872047424 70
1665410537389 0.7973201870918274 71
1665410537601 0.798366367816925 72
1665410537814 0.804033637046814 73
1665410538167 0.798586368560791 74
1665410538380 0.8020625710487366 75
1665410538596 0.7958087921142578 76
1665410538811 0.7977060675621033 77
1665410539024 0.800857424736023 78
1665410539238 0.7974116206169128 79
1665410539455 0.7969579696655273 80
1665410539665 0.7969867587089539 81
1665410539878 0.7996436357498169 82
1665410540229 0.7978153228759766 83
1665410540444 0.7987720370292664 84
1665410540655 0.8016699552536011 85
1665410540869 0.7992305159568787 86
1665410541081 0.8004376292228699 87
1665410541294 0.7967694997787476 88
1665410541507 0.8033902049064636 89
1665410541720 0.800284743309021 90
1665410541935 0.7961594462394714 91
1665410542146 0.7996038794517517 92
1665410542366 0.797845721244812 93
1665410542579 0.7986957430839539 94
1665410542791 0.796299159526825 95
1665410543002 0.8033722043037415 96
1665410543214 0.7959526181221008 97
1665410543426 0.798432469367981 98
1665410543649 0.7960103750228882 99
1665410543652 0.7996436357498169 100
