1665409966034 2.2089154720306396 0
1665409966446 0.7985929250717163 1
1665409966912 0.8014470338821411 2
1665409967133 0.797852098941803 3
1665409967381 0.7985193729400635 4
1665409967594 0.7983205914497375 5
1665409967816 0.7974078059196472 6
1665409968031 0.7999938726425171 7
1665409968247 0.7985799312591553 8
1665409968459 0.7996630072593689 9
1665409968671 0.7969349026679993 10
1665409969026 0.79844731092453 11
1665409969241 0.8003706336021423 12
1665409969596 0.8007052540779114 13
1665409969810 0.7980531454086304 14
1665409970027 0.7977971434593201 15
1665409970242 0.7967005968093872 16
1665409970458 0.8005427122116089 17
1665409970672 0.7967382073402405 18
1665409970888 0.8002780675888062 19
1665409971102 0.7967512607574463 20
1665409971317 0.8019793629646301 21
1665409971534 0.7960512638092041 22
1665409971746 0.7914145588874817 23
1665409972101 0.6335687041282654 24
1665409972459 0.5545880198478699 25
1665409972814 0.5527336597442627 26
1665409973173 0.5285187363624573 27
1665409973387 0.5382459759712219 28
1665409973603 0.5331961512565613 29
1665409973973 0.5208227038383484 30
1665409974327 0.5183835625648499 31
1665409974540 0.5171592831611633 32
1665409974893 0.509891152381897 33
1665409975107 0.5115986466407776 34
1665409975323 0.509608268737793 35
1665409975543 0.5094403028488159 36
1665409975909 0.5018934011459351 37
1665409976126 0.5032010078430176 38
1665409976340 0.49514710903167725 39
1665409976556 0.49336719512939453 40
1665409976912 0.4903889298439026 41
1665409977275 0.48654788732528687 42
1665409977532 0.4884749948978424 43
1665409977750 0.4817705750465393 44
1665409977967 0.47938305139541626 45
1665409978343 0.4802340865135193 46
1665409978569 0.4807700216770172 47
1665409978943 0.47546160221099854 48
1665409979157 0.4706069529056549 49
1665409979376 0.46762150526046753 50
1665409979592 0.471151739358902 51
1665409979807 0.46259501576423645 52
1665409980025 0.4585292339324951 53
1665409980243 0.46098724007606506 54
1665409980459 0.46857738494873047 55
1665409980816 0.464126855134964 56
1665409981031 0.46209126710891724 57
1665409981247 0.4585438370704651 58
1665409981464 0.45550182461738586 59
1665409981677 0.4512484669685364 60
1665409981894 0.44618526101112366 61
1665409982115 0.4522377550601959 62
1665409982481 0.457541286945343 63
1665409982697 0.4570119380950928 64
1665409982912 0.46045413613319397 65
1665409983128 0.448553204536438 66
1665409983342 0.4582972228527069 67
1665409983555 0.4428832530975342 68
1665409983767 0.4424948990345001 69
1665409983982 0.44925686717033386 70
1665409984197 0.45238587260246277 71
1665409984412 0.443909227848053 72
1665409984626 0.44807910919189453 73
1665409984842 0.4418715238571167 74
1665409985057 0.44102659821510315 75
1665409985273 0.4436664879322052 76
1665409985490 0.4351307153701782 77
1665409985707 0.44270727038383484 78
1665409985924 0.43912795186042786 79
1665409986141 0.43745630979537964 80
1665409986355 0.43516895174980164 81
1665409986571 0.4457114338874817 82
1665409986786 0.4408511221408844 83
1665409987009 0.43143144249916077 84
1665409987225 0.440820574760437 85
1665409987440 0.43705031275749207 86
1665409987655 0.4335535168647766 87
1665409987872 0.4335958659648895 88
1665409988085 0.42738762497901917 89
1665409988301 0.4284498989582062 90
1665409988517 0.43218448758125305 91
1665409988732 0.43295082449913025 92
1665409988946 0.43867233395576477 93
1665409989161 0.4311288595199585 94
1665409989376 0.424360066652298 95
1665409989592 0.4209310710430145 96
1665409989807 0.4322282373905182 97
1665409990040 0.4274281859397888 98
1665409990318 0.4179973900318146 99
1665409990321 0.4522377550601959 100
